1.004041723936098807e+00
1.005537797926896904e+00
1.005578174907299172e+00
1.004209330873479633e+00
1.002888811711447614e+00
1.002664834293651497e+00
1.003531737653449607e+00
1.004895947971983228e+00
1.005631528549052245e+00
1.005082683548452094e+00
1.003867647758596826e+00
1.003229559314572805e+00
1.003703212828906066e+00
1.004488643435687001e+00
1.005154667830547632e+00
1.005081435243086130e+00
1.004637154305654478e+00
1.003878444526202784e+00
1.003749548262987012e+00
1.004109305749877556e+00
1.004660066932804963e+00
1.004910737157738598e+00
1.004708555496664601e+00
1.004209564225987839e+00
1.003811662546380878e+00
1.003926821705419581e+00
1.004277777721982901e+00
1.004663822137635831e+00
1.004741742206035404e+00
1.004503270627985057e+00
1.004127372753448766e+00
1.004037198745218795e+00
1.004036131953283784e+00
1.004090090635314070e+00
1.004175284087157838e+00
1.004404941811512408e+00
1.004433041677422978e+00
1.004079539054754555e+00
1.003798196389580788e+00
1.003495462126572590e+00
1.003642244457335631e+00
1.003896274483043971e+00
1.003982281123569020e+00
1.004070114973730110e+00
1.003993312646638714e+00
1.004008282485212566e+00
1.003953843136290880e+00
1.004027260125152976e+00
1.004006816507996502e+00
1.003853467835285507e+00
1.003738953554676350e+00
1.003621724914402824e+00
1.003655747853537283e+00
1.003918129421105032e+00
1.004279871000316238e+00
1.004334506104700653e+00
1.004311780382649566e+00
1.004256070685405344e+00
1.004240169882775202e+00
1.004198122583759512e+00
1.004009011293162335e+00
1.003911466151914178e+00
1.003879653810986872e+00
1.003935693131974727e+00
1.004014283319853540e+00
1.004054366812221266e+00
1.004030149619133505e+00
1.004089604780590728e+00
1.004015028277229771e+00
1.003993241417236115e+00
1.003892015628398804e+00
1.004019427302914158e+00
1.004041226513941343e+00
1.004009240906453160e+00
1.003794970606384007e+00
1.003714139065944755e+00
1.003913945323757329e+00
1.004009931429447056e+00
1.004103092081531923e+00
1.003936631072383845e+00
1.003837753161971325e+00
1.003815549938661400e+00
1.003985348659207411e+00
1.004079079425226118e+00
1.004042046363684992e+00
1.003930310597311859e+00
1.003907568789131899e+00
1.003784027084928754e+00
1.003802772777092622e+00
1.004000962788902163e+00
1.004158960859253602e+00
1.004114943568030771e+00
1.004056760739674203e+00
1.004037523794873099e+00
1.004042850697091982e+00
1.004021007727828430e+00
1.003976015708106351e+00
1.004045738971438340e+00
1.003961790553426825e+00
1.003879765401842761e+00
1.004035282519496919e+00
1.004316691471542011e+00
1.004497551662293153e+00
1.004374065845980324e+00
1.004190278407113501e+00
1.004097684837556903e+00
1.004048487296131276e+00
1.004253912352465195e+00
1.004332225534369627e+00
1.004364971285378605e+00
1.004331120530884247e+00
1.004187394784820331e+00
1.004219265109306258e+00
1.004209659112909714e+00
1.004366487807618391e+00
1.004423425636012501e+00
1.004584662586214705e+00
1.004417808253593503e+00
1.004380686620030438e+00
1.004421628949629275e+00
1.004433617955857061e+00
1.004399190887601545e+00
1.004512902007122621e+00
1.004551202398165088e+00
1.004360968163175993e+00
1.004167860497845233e+00
1.004150403421792515e+00
1.003978148894551392e+00
1.003954003867352895e+00
1.004097670745430548e+00
1.004261731002684233e+00
1.004302124109490935e+00
1.004178537031225282e+00
1.004110459688768442e+00
1.003890703078838431e+00
1.003809178469142527e+00
1.004023857904949413e+00
1.004314071986789347e+00
1.004439643343929323e+00
1.004249548973372708e+00
1.004045317648515567e+00
1.004064223542751266e+00
1.004229902893141180e+00
1.004474671852640499e+00
1.004580927122567857e+00
1.004413326188049238e+00
1.004209719422681335e+00
1.004240695727769195e+00
1.004218998590312273e+00
1.004389110059985990e+00
1.004471134037834501e+00
1.004575001753974295e+00
1.004485313872339525e+00
1.004382469563166458e+00
1.004225105052764633e+00
1.004256609256558130e+00
1.004315236551850177e+00
1.004265259759349771e+00
1.004174920501180512e+00
1.004000902636742909e+00
1.004141992159758967e+00
1.004195385752350900e+00
1.004387092677581306e+00
1.004373311680954117e+00
1.004301456319917296e+00
1.004284162980614514e+00
1.004367781722812270e+00
1.004225739058885791e+00
1.004149238482590967e+00
1.004211270719829630e+00
1.004318057837117584e+00
1.004326420624705785e+00
1.004463213273594224e+00
1.004413702184087320e+00
1.004413245493934737e+00
1.004239790605202298e+00
1.004079716582342519e+00
1.004173256474731657e+00
1.004153822212132896e+00
1.003976247158807844e+00
1.003964272355818643e+00
1.003803307418278390e+00
1.003902588056392764e+00
1.004140821520708382e+00
1.004323351024041022e+00
1.004389982923747482e+00
1.004165719883180818e+00
1.003978347048746222e+00
1.003924566412083719e+00
1.003938969076605847e+00
1.004021210672619624e+00
1.004122522941362838e+00
1.004058538354372088e+00
1.003872270777554698e+00
1.003870560350619057e+00
1.003901315095642399e+00
1.004127245966682569e+00
1.004326490419908513e+00
1.004283429364012381e+00
1.004086536654668516e+00
1.003621506954960330e+00
1.004300600801720345e+00
1.006410627128431878e+00
1.005104951347644882e+00
9.981410504160076469e-01
9.976867173699216496e-01
1.006459859375726351e+00
1.014176154356810633e+00
1.007048145171126841e+00
9.878794398877787097e-01
9.855683034016956556e-01
1.001299820207569136e+00
1.016973030140204237e+00
1.023221418435569907e+00
1.009662513591470967e+00
9.851922043461892597e-01
9.809682086767478326e-01
9.979919481889937272e-01
1.015998883399361175e+00
1.025836973376497152e+00
1.014179905974693430e+00
9.880806565020773258e-01
9.790975586420865850e-01
9.929564826066643590e-01
1.011967773006553717e+00
1.024496156561003790e+00
1.015824782498717216e+00
9.907613582149369380e-01
9.758982261688117221e-01
9.846078811287676258e-01
1.005827071221817581e+00
1.022256536062261523e+00
1.018585695732578955e+00
9.962243413698343986e-01
9.764029114001036014e-01
9.797333897924859203e-01
1.001409193874422954e+00
1.019867011621489183e+00
1.027142451301985115e+00
1.012592269220092600e+00
9.856184824655077614e-01
9.789130687464281388e-01
9.950902260566228952e-01
1.014073446513767074e+00
1.025551840146800231e+00
1.015352453793965770e+00
9.895397271321245691e-01
9.775356258763805428e-01
9.888691648761658293e-01
1.008945365737829336e+00
1.023467489588364865e+00
1.016597963244723957e+00
9.922357464348231515e-01
9.730526111590797056e-01
9.780275552559072327e-01
1.000626208853177657e+00
1.019557510758179575e+00
1.026076825524811165e+00
1.010440187099649778e+00
9.843840748319562239e-01
9.800411240201382101e-01
9.974798689714786670e-01
1.015637549635121095e+00
1.025820323102127674e+00
1.014322449734298193e+00
9.876937000547388879e-01
9.768947321140138973e-01
9.895807458693339775e-01
1.009774830365986587e+00
1.023592133685857775e+00
1.015771865892312054e+00
9.909630441713005444e-01
9.740257392296368666e-01
9.812314672763290391e-01
1.003225472036996857e+00
1.020736319200203468e+00
1.021409487207072031e+00
1.001870264353492246e+00
9.789269805403266744e-01
9.789552077728916890e-01
9.990074881617982960e-01
1.019815697798349685e+00
1.036031143148724354e+00
1.034472400295339378e+00
1.023306181062111575e+00
1.017031496405538471e+00
1.013402129494906490e+00
1.012068795916426289e+00
1.011913869679139877e+00
1.012061863293942654e+00
1.012211635684709732e+00
1.012417388513526362e+00
1.012601281911085671e+00
1.012534464530422396e+00
1.012547953919558097e+00
1.012551343937011294e+00
1.012517701330402753e+00
1.012467270030644517e+00
1.012432646749003906e+00
1.012379198312317596e+00
1.012372283201782741e+00
1.012346911701063279e+00
1.012384705430279030e+00
1.012406121432142925e+00
1.012431091675433992e+00
1.012466498739008625e+00
1.012336721658456229e+00
1.012175102862707066e+00
1.012047766336449550e+00
1.012033680848532624e+00
1.011938176750989848e+00
1.011978728545303907e+00
1.011939277362396306e+00
1.011972663076549095e+00
1.012033375045633843e+00
1.012086735749559763e+00
1.012056886355821250e+00
1.011988398979354331e+00
1.012107143709562118e+00
1.012062851381718698e+00
1.012117033163175028e+00
1.012083481161574428e+00
1.012084329552243034e+00
1.011968017495324279e+00
1.012177874761832408e+00
1.012233934471233887e+00
1.012137748754486921e+00
1.012113122959393152e+00
1.012138857499388811e+00
1.012203162155626002e+00
1.012086455413138131e+00
1.012168218693659361e+00
1.012191108711944398e+00
1.012355608685247210e+00
1.012398232911121188e+00
1.012373054802728989e+00
1.012299038668264428e+00
1.012251904877234265e+00
1.012427477155105837e+00
1.012476398964901492e+00
1.012561699986804786e+00
1.012494611657375865e+00
1.012455442532663064e+00
1.012608033423952669e+00
1.012843020967471919e+00
1.012906442602938384e+00
1.012831296173979156e+00
1.012887104836494911e+00
1.012835258238704794e+00
1.012850932074648380e+00
1.012932726233167990e+00
1.012903628316154547e+00
1.012987758042378950e+00
1.013025487339991537e+00
1.013212850965577116e+00
1.013289725374101780e+00
1.013307868965309222e+00
1.013362019621381060e+00
1.013378579827059145e+00
1.013374822225613370e+00
1.013295817197457316e+00
1.013217711336258375e+00
1.013069690318329164e+00
1.013115131687370774e+00
1.013381537106100572e+00
1.013626714649827898e+00
1.013687248708318611e+00
1.013743602860992965e+00
1.013686708236326783e+00
1.013685550915013778e+00
1.013569605295643328e+00
1.013493611067871170e+00
1.013546697610941072e+00
1.013593713393949658e+00
1.013758828397138378e+00
1.013914393839051797e+00
1.013980057287177328e+00
1.014116048401963344e+00
1.014270794840255174e+00
1.014197984720156542e+00
1.014062397229409607e+00
1.014029924705471153e+00
1.013735958721634134e+00
1.013967751008772789e+00
1.013991637985754757e+00
1.014085675044905654e+00
1.014181459971281063e+00
1.014310084626454334e+00
1.014415761703833851e+00
1.014307258408658763e+00
1.014284394693174329e+00
1.014372748001815649e+00
1.014429706427025568e+00
1.014547948757364315e+00
1.014731146581780985e+00
1.014781093810485757e+00
1.014707078094428061e+00
1.014455134562837424e+00
1.014505793992576566e+00
1.014656911376985660e+00
1.014677727366928739e+00
1.014671454868704137e+00
1.014620280589010104e+00
1.014283908432448644e+00
1.013927617249652524e+00
1.013755563777216429e+00
1.013847638094893533e+00
1.014173469543969475e+00
1.014074959611997118e+00
1.014014159167825557e+00
1.013681576756883862e+00
1.013445567728946672e+00
1.013361612312727367e+00
1.013408734742078376e+00
1.013331186688546603e+00
1.013310900687343974e+00
1.013191464774946482e+00
1.013209591727583847e+00
1.013374628334000604e+00
1.013549404866026959e+00
1.013588849034246397e+00
1.013386225588132961e+00
1.013405613399015692e+00
1.013328862283475962e+00
1.013307707217393272e+00
1.013344796563480976e+00
1.013169827926941879e+00
1.012968076924182226e+00
1.012890268955558115e+00
1.012679326781396938e+00
1.012759319363715882e+00
1.012841780698389149e+00
1.012838297884029792e+00
1.012692167164078061e+00
1.012756494204201552e+00
1.012859025822213654e+00
1.012905900515826296e+00
1.012825693482573008e+00
1.012704816917201045e+00
1.012643038610718138e+00
1.012605131273164982e+00
1.012475497580942241e+00
1.012490695183781764e+00
1.012543515858715271e+00
1.012488164307211669e+00
1.012279197001909381e+00
1.012337933627837305e+00
1.012422926769684484e+00
1.012418765188733527e+00
1.012174099203800193e+00
1.019105665491629287e+00
1.031189024073958072e+00
1.039100343815456240e+00
1.041906994831004907e+00
1.040419982064094473e+00
1.036722960572792784e+00
1.033427457415870832e+00
1.032003051820571393e+00
1.032273132599087040e+00
1.033268905471621091e+00
1.034003254832380758e+00
1.034265982428808739e+00
1.033945379914739782e+00
1.033557332949522456e+00
1.033100191287193104e+00
1.032931598512717875e+00
1.033062274874271713e+00
1.033327819185054786e+00
1.033658798645266996e+00
1.033793421439634930e+00
1.033764092493220321e+00
1.033651014866060924e+00
1.033597679857501728e+00
1.033659249344041964e+00
1.033652192571671291e+00
1.033623380569391070e+00
1.033580207573232990e+00
1.033588499029032270e+00
1.033685046955850728e+00
1.033799710321035237e+00
1.033761065672082369e+00
1.033724050788960902e+00
1.033868356720346604e+00
1.033946557332257266e+00
1.033920743530309716e+00
1.033874814671178921e+00
1.033902467604872255e+00
1.033940037184329030e+00
1.033960554320990211e+00
1.033806268086476798e+00
1.031090925322291518e+00
1.024856220421122455e+00
1.013609750777574758e+00
9.999878426705373080e-01
9.936637568780797292e-01
9.972488587667698301e-01
1.005865140650577416e+00
1.012507470522809649e+00
1.013136644873839698e+00
1.008187075778051778e+00
1.002286939477805339e+00
9.995925099615678988e-01
1.001493828086835292e+00
1.005948916458343945e+00
1.009334859393438144e+00
1.009209123453606027e+00
1.006374119726153316e+00
1.003342927804248275e+00
1.002212838073759604e+00
1.003400690318513533e+00
1.005548290751421936e+00
1.007139805868161320e+00
1.006912355185284991e+00
1.005352105569967236e+00
1.003870796402474008e+00
1.003530882426056925e+00
1.004458392349299789e+00
1.005579397212891024e+00
1.006101016737587228e+00
1.005676142509616566e+00
1.004883578541606148e+00
1.004321558472988318e+00
1.004287536400975123e+00
1.004599962182484818e+00
1.005162498976931662e+00
1.005427152236434862e+00
1.005252379115200156e+00
1.004794985425827791e+00
1.004462973838810225e+00
1.004370914958188310e+00
1.004779138779458902e+00
1.005005654534636195e+00
1.005088222534457065e+00
1.005056322747833963e+00
1.004836686743201923e+00
1.004647327626076114e+00
1.004600573143300979e+00
1.004727421522405795e+00
1.004782057725610578e+00
1.004956234021870953e+00
1.004606912453324785e+00
1.004415625049771998e+00
1.004449028217241358e+00
1.004566634867937847e+00
1.004796806436896617e+00
1.004940639396250557e+00
1.004902726347381314e+00
1.004774817219420857e+00
1.004611086731594494e+00
1.004635313738470703e+00
1.004578104107594516e+00
1.004646822713370025e+00
1.004788031257201286e+00
1.004802600198234641e+00
1.004712190526401816e+00
1.004812824253307202e+00
1.004995672100899684e+00
1.005062411853176574e+00
1.005191378712931627e+00
1.005353212783612227e+00
1.005224400916574501e+00
1.005116033110595497e+00
1.005150419566843700e+00
1.005172051827190272e+00
1.005067400721044724e+00
1.004993716422599048e+00
1.004897730220926544e+00
1.005058952494391367e+00
1.005214217172587521e+00
1.005253658110016213e+00
1.005059140176836063e+00
1.005050862818353874e+00
1.005036881919269431e+00
1.005174217691639615e+00
1.005300548112524561e+00
1.005256529746022087e+00
1.005213054028755160e+00
1.005126329158714693e+00
1.005128806272879816e+00
1.005221383321629469e+00
1.005460399501964419e+00
1.005463134629654531e+00
1.005487120622494457e+00
1.005452974477583750e+00
1.005390438928648322e+00
1.005348776233795594e+00
1.005436848109734660e+00
1.005534049832743193e+00
1.005461303605128975e+00
1.005410188880125233e+00
1.005472147951523842e+00
1.005431024579381383e+00
1.005488674482626799e+00
1.005433289046095302e+00
1.005420987128171850e+00
1.005267387960361303e+00
1.005293423443001544e+00
1.005340005905001055e+00
1.005394288688229887e+00
1.005460285895877881e+00
1.005467719290665585e+00
1.005410818700849473e+00
1.005231188570643530e+00
1.005224648111288754e+00
1.005256661209117164e+00
1.005307903461289953e+00
1.005286237792247350e+00
1.005236769632544824e+00
1.005031603125649653e+00
1.005024054619024998e+00
1.005089181545688160e+00
1.005163398820425158e+00
1.005298098974940268e+00
1.005407301378250295e+00
1.005402519535375738e+00
1.005368491618541471e+00
1.005270378379876872e+00
1.005415668703224963e+00
1.005497236472576050e+00
1.005455952164133526e+00
1.005399213935675107e+00
1.005566166369178838e+00
1.005525206561628471e+00
1.005565721772253784e+00
1.005641365803697784e+00
1.005574721985007303e+00
1.005691319145693319e+00
1.005803323419913298e+00
1.005770816525298317e+00
1.005795558497271536e+00
1.005762404676740607e+00
1.005657625500582464e+00
1.005787881129774908e+00
1.005825343632032798e+00
1.005781101706932690e+00
1.005961135222930958e+00
1.005960226979716987e+00
1.005791229624915184e+00
1.005802199454918222e+00
1.005731664439403206e+00
1.005917873406009022e+00
1.006149000824646533e+00
1.006136379791322533e+00
1.005904579222443473e+00
1.005766429879320967e+00
1.005674638250305897e+00
1.005654434436307865e+00
1.005705964532295438e+00
1.005832902739569601e+00
1.005613483627090243e+00
1.005540497267733313e+00
1.005621514693243679e+00
1.005680730096744746e+00
1.005725259195726196e+00
1.005765127984120877e+00
1.005679489072635935e+00
1.005488027058464073e+00
1.005387219345217131e+00
1.005414412243479605e+00
1.005576482336246746e+00
1.005697332716801951e+00
1.005684434977268671e+00
1.005534427459134239e+00
1.005497060986746405e+00
1.005564215958836494e+00
1.005494656274107390e+00
1.005584071550299496e+00
1.005704572275770259e+00
1.005727427794446793e+00
1.005612277721245063e+00
1.005690149745697815e+00
1.005740744817176902e+00
1.005652911970741803e+00
1.005681982972402855e+00
1.005565641252084141e+00
1.005499135060466953e+00
1.005407464882162039e+00
1.005494810956355956e+00
1.005627583280180426e+00
1.005659462922966485e+00
1.005613508423984337e+00
1.005723608138897385e+00
1.005848902678758039e+00
1.005845715214036540e+00
1.005701327039415505e+00
1.005625153204158684e+00
1.005514173954593637e+00
1.005497630545463927e+00
1.005672212745014393e+00
1.005863829901535667e+00
1.005818539903385878e+00
1.005651313501867650e+00
1.005557086973571934e+00
1.005625139861251460e+00
1.005494435460605462e+00
1.005469700725130755e+00
1.005449271727800964e+00
1.005372740640313900e+00
1.005338815808313635e+00
