1.004041723936098807e+00
1.005537797926896904e+00
1.005578174907299172e+00
1.004209330873479633e+00
1.002888811711447614e+00
1.002664834293651497e+00
1.003531737653449607e+00
1.004895947971983228e+00
1.005631528549052245e+00
1.005082683548452094e+00
1.003867647758596826e+00
1.003229559314572805e+00
1.003703212828906066e+00
1.004488643435687001e+00
1.005154667830547632e+00
1.005081435243086130e+00
1.004637154305654478e+00
1.003878444526202784e+00
1.003749548262987012e+00
1.004109305749877556e+00
1.004660066932804963e+00
1.004910737157738598e+00
1.004708555496664601e+00
1.004209564225987839e+00
1.003811662546380878e+00
1.003926821705419581e+00
1.004277777721982901e+00
1.004663822137635831e+00
1.004741742206035404e+00
1.004503270627985057e+00
1.004127372753448766e+00
1.004037198745218795e+00
1.004036131953283784e+00
1.004090090635314070e+00
1.004175284087157838e+00
1.004404941811512408e+00
1.004433041677422978e+00
1.004079539054754555e+00
1.003798196389580788e+00
1.003495462126572590e+00
1.003642244457335631e+00
1.003896274483043971e+00
1.003982281123569020e+00
1.004070114973730110e+00
1.003993312646638714e+00
1.004008282485212566e+00
1.003953843136290880e+00
1.004027260125152976e+00
1.004006816507996502e+00
1.003853467835285507e+00
1.003738953554676350e+00
1.003621724914402824e+00
1.003655747853537283e+00
1.003918129421105032e+00
1.004279871000316238e+00
1.004334506104700653e+00
1.004311780382649566e+00
1.004256070685405344e+00
1.004240169882775202e+00
1.004198122583759512e+00
1.004009011293162335e+00
1.003911466151914178e+00
1.003879653810986872e+00
1.003935693131974727e+00
1.004014283319853540e+00
1.004054366812221266e+00
1.004030149619133505e+00
1.004089604780590728e+00
1.004015028277229771e+00
1.003993241417236115e+00
1.003892015628398804e+00
1.004019427302914158e+00
1.004041226513941343e+00
1.004009240906453160e+00
1.003794970606384007e+00
1.003714139065944755e+00
1.003913945323757329e+00
1.004009931429447056e+00
1.004103092081531923e+00
1.003936631072383845e+00
1.003837753161971325e+00
1.003815549938661400e+00
1.003985348659207411e+00
1.004079079425226118e+00
1.004042046363684992e+00
1.003930310597311859e+00
1.003907568789131899e+00
1.003784027084928754e+00
1.003802772777092622e+00
1.004000962788902163e+00
1.004158960859253602e+00
1.004114943568030771e+00
1.004056760739674203e+00
1.004037523794873099e+00
1.004042850697091982e+00
1.004021007727828430e+00
1.003976015708106351e+00
1.004045738971438340e+00
1.003961790553426825e+00
1.003879765401842761e+00
1.004035282519496919e+00
1.004316691471542011e+00
1.004497551662293153e+00
1.004374065845980324e+00
1.004190278407113501e+00
1.004097684837556903e+00
1.004048487296131276e+00
1.004253912352465195e+00
1.004332225534369627e+00
1.004364971285378605e+00
1.004331120530884247e+00
1.004187394784820331e+00
1.004219265109306258e+00
1.004209659112909714e+00
1.004366487807618391e+00
1.004423425636012501e+00
1.004584662586214705e+00
1.004417808253593503e+00
1.004380686620030438e+00
1.004421628949629275e+00
1.004433617955857061e+00
1.004399190887601545e+00
1.004512902007122621e+00
1.004551202398165088e+00
1.004360968163175993e+00
1.004167860497845233e+00
1.004150403421792515e+00
1.003978148894551392e+00
1.003954003867352895e+00
1.004097670745430548e+00
1.004261731002684233e+00
1.004302124109490935e+00
1.004178537031225282e+00
1.004110459688768442e+00
1.003890703078838431e+00
1.003809178469142527e+00
1.004023857904949413e+00
1.004314071986789347e+00
1.004439643343929323e+00
1.004249548973372708e+00
1.004045317648515567e+00
1.004064223542751266e+00
1.004229902893141180e+00
1.004474671852640499e+00
1.004580927122567857e+00
1.004413326188049238e+00
1.004209719422681335e+00
1.004240695727769195e+00
1.004218998590312273e+00
1.004389110059985990e+00
1.004471134037834501e+00
1.004575001753974295e+00
1.004485313872339525e+00
1.004382469563166458e+00
1.004225105052764633e+00
1.004256609256558130e+00
1.004315236551850177e+00
1.004265259759349771e+00
1.004174920501180512e+00
1.004000902636742909e+00
1.004141992159758967e+00
1.004195385752350900e+00
1.004387092677581306e+00
1.004373311680954117e+00
1.004301456319917296e+00
1.004284162980614514e+00
1.004367781722812270e+00
1.004225739058885791e+00
1.004149238482590967e+00
1.004211270719829630e+00
1.004318057837117584e+00
1.004326420624705785e+00
1.004463213273594224e+00
1.004413702184087320e+00
1.004413245493934737e+00
1.004239790605202298e+00
1.004079716582342519e+00
1.004173256474731657e+00
1.004153822212132896e+00
1.003976247158807844e+00
1.003964272355818643e+00
1.003803307418278390e+00
1.003902588056392764e+00
1.004140821520708382e+00
1.004323351024041022e+00
1.004389982923747482e+00
1.004165719883180818e+00
1.003978347048746222e+00
1.003924566412083719e+00
1.003938969076605847e+00
1.004021210672619624e+00
1.004122522941362838e+00
1.004058538354372088e+00
1.003872270777554698e+00
1.003870560350619057e+00
1.003901315095642399e+00
1.004127245966682569e+00
1.004326490419908513e+00
1.004283429364012381e+00
1.004086536654668516e+00
1.003621506954960330e+00
1.004300600801720345e+00
1.006410627128431878e+00
1.005104951347644882e+00
9.981410504160076469e-01
9.976867173699216496e-01
1.006459859375726351e+00
1.014176154356810633e+00
1.007048145171126841e+00
9.878794398877787097e-01
9.855683034016956556e-01
1.001299820207569136e+00
1.016973030140204237e+00
1.023221418435569907e+00
1.009662513591470967e+00
9.851922043461892597e-01
9.809682086767478326e-01
9.979919481889937272e-01
1.015998883399361175e+00
1.025836973376497152e+00
1.014179905974693430e+00
9.880806565020773258e-01
9.790975586420865850e-01
9.929564826066643590e-01
1.011967773006553717e+00
1.024496156561003790e+00
1.015824782498717216e+00
9.907613582149369380e-01
9.758982261688117221e-01
9.846078811287676258e-01
1.005827071221817581e+00
1.022256536062261523e+00
1.018585695732578955e+00
9.962243413698343986e-01
9.764029114001036014e-01
9.797333897924859203e-01
1.001409193874422954e+00
1.019867011621489183e+00
1.027142451301985115e+00
1.012592269220092600e+00
9.856184824655077614e-01
9.789130687464281388e-01
9.950902260566228952e-01
1.014073446513767074e+00
1.025551840146800231e+00
1.015352453793965770e+00
9.895397271321245691e-01
9.775356258763805428e-01
9.888691648761658293e-01
1.008945365737829336e+00
1.023467489588364865e+00
1.016597963244723957e+00
9.922357464348231515e-01
9.730526111590797056e-01
9.780275552559072327e-01
1.000626208853177657e+00
1.019557510758179575e+00
1.026076825524811165e+00
1.010440187099649778e+00
9.843840748319562239e-01
9.821872787858451082e-01
1.004540878375881130e+00
1.028662667881953929e+00
1.043959942683511111e+00
1.043123813139549716e+00
1.032123571707157517e+00
1.021476059530067593e+00
1.014464872772730564e+00
1.011811603126382408e+00
1.011434194317746060e+00
1.011901384628981049e+00
1.012671188173053460e+00
1.013163169388995533e+00
1.013481678889451620e+00
1.013618064561736754e+00
1.013657483392771397e+00
1.013708605132545904e+00
1.013831151538197028e+00
1.013700009846600469e+00
1.013667070539871817e+00
1.013666546373104715e+00
1.013603742219294057e+00
1.013517884536969671e+00
1.013444571522496229e+00
1.013389918757739094e+00
1.013277304595296080e+00
1.013316539586404552e+00
1.013387138373494700e+00
1.013474048986857445e+00
1.013361489239194224e+00
1.013132547345732881e+00
1.013023827144381217e+00
1.012976860216963315e+00
1.012769244378964206e+00
1.012730734752335326e+00
1.012692511623214386e+00
1.012633820607565127e+00
1.012565493841763642e+00
1.012516024516475710e+00
1.012449221246545239e+00
1.007539066972240382e+00
9.964744428050151814e-01
9.912783202935092630e-01
9.995167767869020947e-01
1.013739962847903575e+00
1.023435368553189173e+00
1.022546675763947199e+00
1.006783932250236324e+00
9.844917200438135785e-01
9.793682442463215176e-01
9.927185801192767167e-01
1.008026270282974535e+00
1.013736043816840127e+00
1.001898340142808541e+00
9.827639216181698334e-01
9.830554007995048194e-01
1.001321127784909892e+00
1.018213615355599622e+00
1.025418151569772895e+00
1.012695256398744137e+00
9.884357284787195219e-01
9.799072298764960331e-01
9.924914757087519579e-01
1.009587808369269535e+00
1.021037612144987117e+00
1.012238591793505504e+00
9.882222627418567606e-01
9.810649326108580315e-01
9.951254763261387914e-01
1.012502417249469877e+00
1.023749953350669095e+00
1.015066023586051802e+00
9.908733921111286813e-01
9.796104118853232734e-01
9.897450414887241088e-01
1.007713766729205762e+00
1.020356706953654768e+00
1.012974936329049003e+00
9.898858946486832622e-01
9.797925907612211605e-01
9.912140701270336640e-01
1.009492130434151314e+00
1.022904173973889552e+00
1.020942094662876887e+00
1.001488114045223421e+00
9.805803549218562454e-01
9.816636509045291170e-01
1.000781395292306142e+00
1.017348188768216088e+00
1.022847515772322469e+00
1.007964901068679087e+00
9.831696371781698529e-01
9.795219680744703394e-01
9.970319303722433579e-01
1.015227832632399574e+00
1.025951816803988281e+00
1.015704306501853393e+00
9.903469637195619901e-01
9.795870688147811922e-01
9.909598549581406512e-01
1.009152763998039104e+00
1.021603197923269146e+00
1.013538991568983860e+00
9.896055080232163403e-01
9.761831395289956026e-01
9.855396856645851633e-01
1.006004663621483219e+00
1.022041286381182301e+00
1.024498078650947885e+00
1.007335925239710273e+00
9.834457646604852776e-01
9.808972595249888515e-01
9.985281097847502618e-01
1.015654037383581398e+00
1.024583249864746248e+00
1.012450206529841745e+00
9.864513449193726968e-01
9.795762753755810071e-01
9.950094581435695584e-01
1.013133946696956000e+00
1.026117112202332260e+00
1.026407944039706699e+00
1.019777357636787229e+00
1.016575416048709490e+00
1.014091403031051275e+00
1.012870131646282035e+00
1.012452084692569976e+00
1.012507357842107991e+00
1.012700899782562614e+00
1.012737092750884527e+00
1.012835037746555811e+00
1.012982143637149779e+00
1.013106311488129796e+00
1.013319083457516090e+00
1.013603209763550561e+00
1.013817491065319709e+00
1.014011045486463702e+00
1.014060638380894774e+00
1.014370017749063990e+00
1.014665622173056780e+00
1.014715766628012439e+00
1.014680854485966455e+00
1.014591766048734467e+00
1.014241062519959824e+00
1.013894141172193120e+00
1.013743870467241015e+00
1.013855169071465001e+00
1.014178719920916016e+00
1.014057010291766314e+00
1.013970772233557804e+00
1.013626748676151879e+00
1.013396797762976309e+00
1.013329550846453486e+00
1.013393521804351272e+00
1.013325556388133153e+00
1.013306718351379532e+00
1.013184678195348409e+00
1.013200918286680130e+00
1.013367512885864130e+00
1.013546732572659037e+00
1.012168297202605372e+00
1.006067053690405277e+00
9.993801576377493445e-01
1.000873917353423792e+00
1.010128648811656982e+00
1.018866099232718536e+00
1.019936554480021185e+00
1.006817370017440316e+00
9.859938451337407761e-01
9.749874235421501778e-01
9.833873672451836079e-01
1.001512965175691328e+00
1.015508161277450805e+00
1.014547096052097030e+00
9.982912218601055487e-01
9.898105459413680807e-01
9.993250587263331486e-01
1.013973288400523032e+00
1.023342115105781769e+00
1.014426604462993486e+00
9.911898526808291532e-01
9.733997628509721833e-01
9.775562156680955850e-01
9.979048892959584416e-01
1.014950030918615242e+00
1.021258940408677596e+00
1.008457041746096516e+00
9.866666201902741795e-01
9.850885888905186460e-01
1.001630292647591292e+00
1.016361101307673431e+00
1.021927205087239443e+00
1.016240200417839690e+00
1.004446085419192558e+00
9.955424174554075023e-01
9.947469336478814705e-01
1.000974547962504957e+00
1.008282713025103083e+00
1.011642483994918074e+00
1.009452014412679510e+00
1.004158524853344447e+00
1.000315788969249331e+00
1.000280711999105288e+00
1.003628702703962317e+00
1.007085556948652094e+00
1.008175485883383571e+00
1.006441435147322538e+00
1.003591098690002070e+00
1.001849513699314853e+00
1.002170261190861389e+00
1.004005409529631576e+00
1.005794607272347818e+00
1.006290301672961407e+00
1.005425059973482860e+00
1.003971795575214987e+00
1.003075027162937838e+00
1.003257165415868180e+00
1.004243556454764486e+00
1.005231671394669402e+00
1.005489260434525578e+00
1.004843151553489911e+00
1.003995641107884973e+00
1.003736108170777852e+00
1.004037656202225959e+00
1.004590609911256482e+00
1.005001363637681999e+00
1.005047742574449288e+00
1.004738021107855372e+00
1.004349029043105412e+00
1.004036713161171379e+00
1.004093395268268685e+00
1.004361751233493472e+00
1.004768797180369155e+00
1.004857101476917647e+00
1.004755541891250381e+00
1.004585771068390532e+00
1.004423811728121452e+00
1.004508150948974832e+00
1.004767168918764497e+00
1.005012160543903077e+00
1.005097132367371637e+00
1.004966155700600661e+00
1.004756130134344838e+00
1.004762427242306577e+00
1.004976270127056592e+00
1.005013486300686987e+00
1.005040496546339757e+00
1.005053160596013351e+00
1.005100218131321332e+00
1.005086694391526425e+00
1.004900263762247059e+00
1.004980013573907760e+00
1.005038622605354259e+00
1.005015230447922292e+00
1.005003048701231361e+00
1.005030475900550169e+00
1.005147200847890554e+00
1.005044991145465749e+00
1.004913629588079838e+00
1.004795613038769186e+00
1.004888257412811514e+00
1.005056597468815704e+00
1.005100885611562633e+00
1.004880998528219216e+00
1.004796666764755875e+00
1.004786862336859654e+00
1.004840834628124568e+00
1.004866799092761775e+00
1.004883187364009833e+00
1.004777104926066977e+00
1.004876850942422184e+00
1.004771425000868579e+00
1.004744553527469053e+00
1.004869332114087355e+00
1.004915802326716179e+00
1.004892480355356055e+00
1.004808162033244967e+00
1.004753266930236588e+00
1.004636236458013032e+00
1.004771593758352566e+00
1.004522857249023460e+00
1.004476163939775457e+00
1.004586844814166824e+00
1.004669517698793646e+00
1.004795992468734411e+00
1.004853723706043755e+00
1.004806400500776631e+00
1.004739592456608488e+00
1.004651982148600187e+00
1.004710398857167952e+00
1.004627626154931619e+00
1.004638957078537453e+00
1.004737486699820881e+00
1.004752536195928414e+00
1.004698415957607782e+00
1.004839260334815076e+00
1.005036796765753415e+00
1.005086373975157876e+00
1.005183946286282159e+00
1.005325030293470201e+00
1.005199122355057595e+00
1.005111253520161174e+00
1.005166158110938568e+00
1.005193597399550498e+00
1.005078257009898168e+00
1.004987781318595896e+00
1.004881975133741667e+00
1.005046307763824975e+00
1.005213300710321889e+00
1.005263219022298316e+00
1.005070618222802858e+00
1.005055796693393733e+00
1.005032895177258689e+00
1.005165674562255917e+00
1.005294313790638050e+00
1.005256634049314979e+00
1.005218310890414246e+00
1.005132103307512015e+00
1.005130900631567625e+00
1.005218935084660759e+00
1.005455926532610178e+00
1.005460157207661132e+00
1.005487475863785507e+00
1.005455819969623521e+00
1.005393331557933534e+00
1.005349670336027623e+00
1.005435462850171602e+00
1.005531761092617993e+00
1.005459883367183505e+00
1.005410480940425400e+00
1.005473640956037418e+00
1.005432454585420521e+00
1.005489047475189190e+00
1.005432532304467275e+00
1.005419835085909375e+00
1.005266720656112556e+00
1.005293624429297594e+00
1.005340781055167776e+00
1.005394990430421132e+00
1.005460432629292633e+00
1.005467306351138790e+00
1.005410235765153315e+00
1.005230874876454017e+00
1.005224776554174415e+00
1.005257063725981670e+00
1.005308247810029476e+00
1.005286290766660429e+00
1.005236544836370038e+00
1.005031307669982388e+00
1.005023909328754517e+00
1.005089263176517145e+00
1.005163610393591478e+00
1.005298268621450664e+00
1.005407317664961830e+00
1.005402399124801116e+00
1.005368343724613700e+00
1.005270311267152605e+00
1.005415714605248034e+00
1.005497342738490119e+00
1.005456033382747583e+00
1.005399217877848583e+00
1.005566104357698221e+00
1.005525133897290146e+00
1.005565691051936383e+00
1.005641390654480105e+00
1.005574774858837728e+00
1.005691358233396171e+00
1.005803324372536389e+00
1.005770785970556247e+00
1.005795523518219214e+00
1.005762390136286655e+00
1.005657637382222358e+00
1.005787906130375164e+00
1.005825362041791182e+00
1.005781102194482024e+00
1.005961120934580011e+00
1.005960210478614947e+00
1.005791222441097865e+00
1.005802204520253262e+00
1.005731675881128107e+00
1.005917882271414987e+00
1.006149001725536118e+00
1.006136373801260531e+00
1.005904571792588520e+00
1.005766426260637836e+00
1.005674640053968671e+00
1.005654439320045723e+00
1.005705968571105391e+00
1.005832903386929988e+00
1.005613481148760702e+00
1.005540493968260396e+00
1.005621512947748597e+00
1.005680730750137197e+00
1.005725261315275842e+00
1.005765129855929363e+00
1.005679489514912150e+00
1.005488026089027764e+00
1.005387217908896069e+00
1.005414411392722807e+00
1.005576482512117398e+00
1.005697333585209963e+00
1.005684435814689026e+00
1.005534427716910040e+00
1.005497060616982630e+00
1.005564215339371570e+00
1.005494655870103893e+00
1.005584071587360073e+00
1.005704572637798444e+00
1.005727428172260129e+00
1.005612277858086490e+00
1.005690149598979177e+00
1.005740744544114662e+00
1.005652911781628855e+00
1.005681982979963029e+00
1.005565641411835909e+00
1.005499135234175334e+00
1.005407464948107510e+00
1.005494810889730140e+00
1.005627583152558069e+00
1.005659462832911188e+00
1.005613508425102776e+00
1.005723608212881537e+00
1.005848902760965169e+00
1.005845715247428496e+00
1.005701327011051305e+00
1.005625153145907946e+00
1.005514173911833842e+00
1.005497630544343934e+00
1.005672212778703001e+00
1.005863829939992904e+00
1.005818539919590249e+00
1.005651313488648890e+00
1.005557086946015977e+00
1.005625139840790050e+00
1.005494435459735048e+00
1.005469700740281525e+00
1.005449271746188700e+00
1.005372740648294849e+00
1.005338815802944596e+00
